A subset
6
9
10
12
13
15
17
18
21
23
24
25
26
30
32
33
34
35
37
40
41
42
44
45
47
49
51
52
53
56
57
59
62
63
64
67
68
70
72
73
74
76
78
79
80
84
85
86
87
88
89
90
91
92
94
97
100
101
102
104
105
106
107
108
111
112
113
116
118
120
122
123
124
125
126
128
131
132
134
137
138
140
141
142
144
145
146
147
148
151
153
154
155
157
158
159
160
162
163
164
166
167
169
172
174
175
178
179
181
188
189
190
192
193
195
198
199
201
202
204
207
209
212
213
216
218
219
220
221
223
227
231
234
235
236
241
245
246
249
253
254
257
258
259
260
261
262
263
265
266
268
269
271
272
273
275
276
278
279
281
282
283
287
288
289
292
293
295
300
301
302
303
304
308
309
312
313
314
315
317
318
321
322
324
325
326
329
332
333
335
337
338
340
342
343
348
349
351
353
355
359
360
361
363
366
367
369
370
371
373
374
378
379
380
381
382
384